2
5
23
17
53
41
197
127
233
197
691
281
379
499
857
953
1151
1259
1583
2099
2399
2417
2579
2909
3803
3821
4217
4651
5107
5813
6829
6079
6599
14153
10091
7699
8273
10163
8893
9521
12281
13043
11597
12713
13099
16763
15527
16823
22741
21407
29023
26041
23011
22531
22037
22039
25759
28027
24133
37447
25237
28087
28099
36607
28697
36067
31729
35527
32353
33623
34913
41641
42391
37561
39607
38921
41017
42463
54617
43201
46181
44683
47711
54869
49279
65033
52517
54167
75253
55837
73571
67271
71011
61027
70141
64613
71167
66463
71191
72169
70241
76099
78121
78139
81203
84313
96001
101561
87511
86453
95107
108707
92951
110083
113719
105499
101999
102001
110323
113989
110359
109147
117751
115279
116531
116533
121621
119069
126781
121631
132001
137387
132049
129419
149993
132059
137477
138863
141671
151667
148817
170767
157561
157579
164999
172597
166541
171131
172687
207511
197969
182099
182107
198197
206489
214943
201599
203279
204979
230827
223919
213533
218749
231131
222269
225829
242171
240353
240371
240379
251609
263071
296479
255443
271003
265117
263171
269069
281023
289099
285091
283079
289171
287137
303643
305759
303691
314243
310019
340237
318557
325009
327193
325019
331603
329401
338269
333821
347251
338279
370033
342761
351811
354097
356387
360977
360979
370261
372607
382021
408251
379667
403511
403553
408431
393961
408461
398771
408479
423257
423287
425819
433421
433439
456587
441101
448859
448867
480533
526087
510073
507497
478001
483377
496877
499607
505067
516053
510569
527207
530021
541283
538487
535669
541339
558491
552751
573031
578923
576001
578959
584879
581921
590819
605849
605867
627217
611953
636553
624209
633487
668179
646027
642869
665089
655547
674749
674767
684493
730487
681257
697579
687767
697591
727409
700897
720791
734171
727499
778391
764783
747743
778643
792593
754573
803141
768371
768373
796259
817403
782263
796307
831697
821081
810457
817561
831847
846259
857137
857161
868123
860819
875491
868151
908849
961663
905189
905207
943003
954517
920291
946969
943153
935507
954697
966307
978001
958577
970219
978037
997651
